2.301973575824103890e-01 9.130234385822981746e-01
1.899975543059209127e-01 9.305512864203711043e-01
6.132887993723323827e-02 9.704565925570266538e-01
4.907467820872031261e-01 7.612026292696327801e-01
3.139363588416134165e-01 8.662300911595290920e-01
1.145264075685907962e-01 9.435916719777716066e-01
4.777954920894900148e-02 9.784821459212138528e-01
3.066195081455335824e-03 9.820989314216720389e-01
8.214810673096930582e-01 4.179102904316506217e-01
8.877090203455144657e-01 2.923375635466350930e-01
9.374296841103204603e-01 1.307922106999961920e-01
9.823634940345332689e-01 7.638486770800234638e-02
8.149393112780717319e-01 4.252345519197435197e-01
6.233986923934953239e-01 6.428053798920744244e-01
8.892218435365256690e-01 2.728125294382270916e-01
