 70
 1 -0.5312936904520233 2.514116012916955 0.9976176499378022 -1.593294319134809 1.488195302844138 0.9999791846988197 0.9999998785044745
 2 -3.538230263785566 1.653646932381041 -2.946063224107988 -3.537590147525813 0.1688896016072903 1.000000000000000 0.9999999999999188
 3 2.370500369915041 -2.672819647878790 2.194226133541309 -2.632968446720843 -2.514376954415057 0.9999999999999992 0.9999999999997247
 4 6.160737595595744E-02 3.703313640925714 2.712235741835197 2.005398931543063 1.067530017843251 0.9999999923910381 0.9999999999999997
 5 3.377541544557336 1.414670906315870 3.040742523707796 3.299315962800438 2.217699360948847 0.9999999999988807 1.000000000000000
 6 -0.8590132013238096 -1.966653558223812 -3.676729534974661 -0.2422558815415279 -0.7103521314963475 0.9999999999964184 0.9999977828756536
 7 1.363956555986757 -2.175732128217692 1.486385985224688 1.953025225900591 -3.901545098564376 0.9999999999999045 0.9999999999990671
 8 1.739176525612910 -0.4862127928464730 -9.343967721492064E-02 -2.060157555742263 3.524689681234159 0.9999999915620643 0.9999999999227970
 9 0.8002168484033163 0.8729754068297222 -1.517907925098160 0.4220988707719835 1.939875386627333 0.9983322118358944 0.9999815282121675
 10 3.059593900786524 3.472300130441925 -0.4002380169929181 -1.822734313003129 -1.398276430460753 0.9999999999892094 0.9999999999999408
 11 -2.347298852702276 -3.182163530579844 -3.355529295166735 -0.4088334800716646 -0.3760652480535511 0.9999999999999999 0.9999999967839456
 12 -1.993322038833667 3.120178101174616 1.721502875220731 -1.057191554390449 -0.8319667538776838 0.9999999918423019 0.9999999985331873
 13 -0.1954058197305564 -3.405863783045608 3.995473509279766 0.9319606397915452 -3.472465786278465 1.000000000000000 1.000000000000000
 14 2.463395744219142 -0.3560074718464201 -2.239286654553975 -3.167139087602095 -3.089505492285595 1.000000000000000 0.9999999999952420
 15 -3.765717305320183 -1.014970296535162 6.865811313905645E-02 0.2215906293231953 -2.020241037765630 0.9999999999956867 0.9999995069487164
 16 3.844909865150652 -1.363506677450383 -2.454581975217248 1.316869479658488 0.6041393187847639 0.9999999999631584 0.9999999999988700
 17 -1.576391981531117 -3.950626287586347 -0.8775869891408772 2.473159467276726 -1.650373126962396 0.9999999999999977 0.9999999999495651
 18 -2.704605704874083 0.7153924170487524 3.298823834815447 -3.706645328414927 2.556955413034631 1.000000000000000 1.000000000000000
 19 0.7385120091673505 2.077340033127619 -1.995174800229806 3.717220019603717 3.131528428537552 0.9999999999972126 1.000000000000000
 20 -2.856727908578109 4.558755310512463E-02 0.5231324082813842 2.966085119809064 3.792004605472090 0.9999999999996263 0.9999999999999999
 21 0.8124442100000000 0.8797464370000000 -1.505135540000000 0.4160017970000000 1.952195170000000 0.9983352643347674 0.9999827735184017
 22 0.6778764720000000 0.8883409500000000 -1.496273520000000 0.4004225730000000 1.923222540000000 0.9979821701559264 0.9999721175978379
 23 0.3449177740000000 0.9587502480000000 -1.396030660000000 0.3371057510000000 1.859167100000000 0.9965707716087678 0.9999204407833884
 24 0.3165922160000000 0.9071307180000000 -1.312781570000000 0.4071893690000000 1.830059050000000 0.9946999136998992 0.9998864004287378
 25 0.1265225410000000 0.7773623470000000 -1.042348620000000 0.6376538280000000 1.689000610000000 0.9818473552985025 0.9996377925669997
 26 0.1341891290000000 0.7780194280000000 -1.037076230000000 0.5800890920000000 1.613288880000000 0.9773573632004567 0.9994403417476978
 27 0.1229858400000000 0.7161989210000000 -0.8317852019999999 0.5080332760000000 1.168009760000000 0.9033405017848235 0.9952423166600993
 28 0.1457958220000000 0.6654243470000000 -0.9786896710000000 0.4844851490000000 1.214052680000000 0.9367778188996541 0.9959130582144405
 29 0.1239299770000000 0.7761635780000000 -0.5863018040000000 0.4495139120000000 0.8364090920000000 0.7612534828487770 0.9863499158835394
 30 0.3646702770000000 0.6246700290000000 -0.3867182730000000 0.3335046770000000 0.9569215770000000 0.6344961573956083 0.9876347623717822
 31 0.2246136670000000 0.6204938890000000 -0.2906870840000000 0.2145037650000000 0.6550517080000000 0.5139407440274339 0.9619445247303280
 32 0.3885021210000000 0.6774172780000000 -0.2603938580000000 0.2775487900000000 0.5949783330000000 0.4554359090465966 0.9729362870694465
 33 0.2629938130000000 0.5036010740000000 -3.614640240000000E-02 -5.146288870000000E-02 0.3626084330000000 0.4093842352718076 0.9083565369876716
 34 0.2498531340000000 0.4140515330000000 3.566837310000000E-02 -6.021881100000000E-02 0.4329900740000000 0.3731890410462454 0.9079458291960908
 35 0.3048834800000000 0.3309736250000000 0.1617846490000000 -0.1929068570000000 0.4593286510000000 0.4085275829798326 0.9118393835786592
 36 0.2099976540000000 0.3316531180000000 1.929330830000000E-02 -0.4716634750000000 0.3192157750000000 0.6715793056812673 0.8418482742220011
 37 1.431417470000000E-02 0.2891097070000000 8.515930180000000E-02 2.613544460000000E-03 0.4457430840000000 0.4179235072758993 0.8697522453413780
 38 3.709316250000000E-03 0.3512754440000000 4.415416720000000E-02 -0.4540245530000000 0.3223443030000000 0.6976529024776768 0.8126214191570258
 39 -8.837842940000000E-02 0.2537398340000000 6.862831120000000E-02 -0.3298127650000000 0.2866916660000000 0.6661805359430066 0.7627382022041480
 40 0.2192521100000000 0.2734427450000000 0.1224942210000000 -4.528665540000000E-02 0.4670720100000000 0.3498526552474521 0.8982821509568907
 41 -5.285811420000000E-02 5.869913100000000E-02 0.2029342650000000 -0.2172975540000000 0.1375670430000000 0.6314370015819473 0.7074108648634231
 42 2.504062650000000E-02 -1.773166660000000E-02 1.941204070000000E-03 -0.1824452880000000 0.1644201280000000 0.6566874562432093 0.6512558954671611
 43 0.2827191350000000 9.227418900000001E-02 0.1453375820000000 9.014511109999999E-02 0.3343210220000000 0.3191492474443233 0.8743828456148199
 44 0.1815915110000000 -0.3055982590000000 4.151344300000000E-02 -7.831883430000000E-02 0.1493401530000000 0.6886340239500535 0.6821782456071708
 45 -1.564812660000000E-02 -7.960796359999999E-03 8.180761340000001E-02 0.2441859250000000 0.1197843550000000 0.5050885153277865 0.7674325882281614
 46 0.3494124410000000 0.2309784890000000 6.143236160000000E-02 0.2332091330000000 0.3439016340000000 0.2301973575824104 0.9130234385822982
 47 0.4313292500000000 0.3536391260000000 0.1437311170000000 0.2870149610000000 0.1574821470000000 0.1899975543059209 0.9305512864203711
 48 0.4478526120000000 0.3250088690000000 0.1221928600000000 0.3636317250000000 0.3762750630000000 0.1241768382753706 0.9529854624569378
 49 0.8006424900000000 0.4639797210000000 0.2867288590000000 0.5488286020000001 0.4520483020000000 0.1489610869288256 0.9911457840360327
 50 0.5981459620000000 0.5452818870000000 0.3094620700000000 0.6283216480000000 0.4771137240000000 8.154980532454137E-02 0.9905480947176903
 51 0.4305534360000000 0.3917188640000000 0.2246913910000000 0.5152864460000000 0.3711686130000000 6.132887993723324E-02 0.9704565925570267
 52 5.092620850000000E-04 0.1056594850000000 6.318044660000000E-02 7.196855550000000E-02 0.1820425990000000 0.4907467820872031 0.7612026292696328
 53 0.2930173870000000 0.1322598460000000 8.663702010000000E-02 0.1652760510000000 0.2367181780000000 0.3139363588416134 0.8662300911595291
 54 0.3110108380000000 0.3486757280000000 0.2089676860000000 0.4113335610000000 0.2592687610000000 0.1145264075685908 0.9435916719777716
 55 0.1904535290000000 0.8444657330000001 0.3680095670000000 0.4381117820000000 0.2586112020000000 0.2333017528752332 0.9820763330935501
 56 0.3702635770000000 0.5705995560000000 0.2989430430000000 0.3859901430000000 0.4928298000000000 4.777954920894900E-02 0.9784821459212139
 57 0.4386663440000000 0.4477915760000000 0.4391894340000000 0.4965744020000000 0.4249281880000000 3.066195081455336E-03 0.9820989314216720
 58 0.6965489390000000 0.7405953410000000 0.6085314750000000 0.1454377170000000 0.6787986760000000 0.2730988344470128 0.9957157921317089
 59 0.5710840230000001 0.2902460100000000 0.5280790330000000 0.5634703639999999 0.7174134250000000 0.1245747533185331 0.9926261145915194
 60 6.174898150000000E-02 0.5213260650000000 0.6995062830000000 0.7606806760000000 0.4632186890000000 0.2711191504878681 0.9917700382505144
 61 -7.966184620000000E-02 -0.1606328490000000 -0.2406456470000000 -0.2036352160000000 2.385663990000000E-02 0.8214810673096931 0.4179102904316506
 62 -0.1781833170000000 -0.2097072600000000 -0.2252540590000000 -0.3711516860000000 -4.478335380000000E-02 0.8877090203455145 0.2923375635466351
 63 -0.6675817970000000 -0.4023897650000000 -0.9980545040000000 -0.7595613000000000 -0.4666681290000000 0.9982442864068157 0.3636054890842443
 64 -1.061408760000000 -0.4505498410000000 -0.4783620830000000 -0.3308501240000000 -0.4626488690000000 0.9953544417272456 0.3242930286586950
 65 -0.2975547310000000 -0.2328450680000000 -0.3267440800000000 -0.4015817640000000 -0.2122108940000000 0.9374296841103205 0.1307922106999962
 66 -0.3472137450000000 -0.6326253410000000 -0.3671176430000000 -0.5517716410000000 -0.3140423300000000 0.9823634940345333 7.638486770800235E-02
 67 -0.1597757340000000 -0.2559146880000000 -0.3216021060000000 -0.5177388190000000 -0.6734108920000000 0.9737695770771523 0.1739773318712822
 68 -0.2190740110000000 -3.984308240000000E-02 7.958412170000000E-04 -0.1737706660000000 -0.2016298770000000 0.8149393112780717 0.4252345519197435
 69 3.029441830000000E-02 1.979970930000000E-02 1.873779300000000E-02 4.503107070000000E-02 -7.861423490000000E-02 0.6233986923934953 0.6428053798920744
 70 -0.2929315570000000 -0.1124832630000000 -0.3684988020000000 -5.360341070000000E-02 -0.2020485400000000 0.8892218435365257 0.2728125294382271
